451 325
485 313
521 306
557 298
571 289
600 276
653 306
668 330
657 355
650 368
648 403
640 439
631 476
650 511
619 537
572 544
506 555
473 546
467 562
458 576
443 586
409 511
398 447
387 396
375 369
357 347
348 324
393 311
439 332
471 369
466 457
469 508
515 498
554 487
588 475
582 432
577 387
571 350
554 355
533 362
514 367
489 359
464 344
451 325
709 160
757 150
812 171
854 198
866 247
867 311
867 377
867 441
836 632
796 713
801 649
791 590
783 528
782 340
780 258
737 140
709 160
516 667
564 655
613 674
640 715
646 779
657 801
757 788
810 797
833 839
793 858
671 870
624 839
546 717
516 667