0	1	2	3	4	5	6	7	8	9	10	11	12	13	14.5	16	18	20	21	22	23.1	24.2
-5.016	0	0	0	0	0	0	0	0	0	0	0	0	0	0	0	14450	18262	19780	19890	20000	20000	20000
-3.762	0	0	0	0	0	0	0	0	0	0	0	0	0	0	5262.5	15202.5	18576	19862	19931	20000	20000	20000
-2.508	0	0	0	0	0	0	0	0	0	0	0	0	0	0	10525	15955	18890	19944	19972	20000	20000	20000
-1.254	0	0	0	0	0	0	0	0	0	0	0	0	0	1312	11548.5	16360	19047	19969	19984.5	20000	20000	20000
0	0	0	0	0	0	0	0	0	0	0	0	0	0	2624	12572	16765	19204	19994	19997	20000	20000	20000
1.65	0	0	0	0	0	0	0	0	0	0	0	0	0	5549	13667.5	17318	19400	19997	19998.5	20000	20000	20000
3.3	0	0	0	0	0	0	0	0	0	0	0	0	0	8474	14763	17871	19596	20000	20000	20000	20000	20000
4.95	0	0	0	0	0	0	0	0	0	0	0	0	1641.5	10110	15470.5	18163.5	19710	20000	20000	20000	20000	20000
6.6	0	0	0	0	0	0	0	0	0	0	0	0	3283	11746	16178	18456	19824	20000	20000	20000	20000	20000
8.25	0	0	0	243.5	466.5	265	0	0	0	0	0	923	5981.5	12781.5	16704	18702	19890	20000	20000	20000	20000	20000
9.9	0	0	0	487	933	530	0	0	0	0	0	1846	8680	13817	17230	18948	19956	20000	20000	20000	20000	20000
11.55	0	46.5	901	1178.5	1197.5	696.5	198.5	91.5	140	447.5	1137.5	3453.5	10424	14689	17650.5	19194	19978	20000	20000	20000	20000	20000
13.2	0	93	1802	1870	1462	863	397	183	280	895	2275	5061	12168	15561	18071	19440	20000	20000	20000	20000	20000	20000
16.5	24.5	986	2087	2195	1954	1539	1228	1233	1599.5	2591.5	5650.5	9342	14100.5	16624	18633.5	19673	20000	20000	20000	20000	20000	20000
19.8	49	1879	2372	2520	2446	2215	2059	2283	2919	4288	9026	13623	16033	17687	19196	19906	20000	20000	20000	20000	20000	20000
23.1	291.5	2278	2867.5	3127	3189	3122	3154.5	3684	5104	7484	11484.5	14982	16964.5	18312	19503.5	19953	20000	20000	20000	20000	20000	20000
26.4	534	2677	3363	3734	3932	4029	4250	5085	7289	10680	13943	16341	17896	18937	19811	20000	20000	20000	20000	20000	20000	20000
33	1279.5	3867.5	4828.5	5481	6057	6756	7916.5	9542.5	11644.5	14074.5	16230	17792.5	18815.5	19463.5	19905.5	20000	20000	20000	20000	20000	20000	20000
39.6	2025	5058	6294	7228	8182	9483	11583	14000	16000	17469	18517	19244	19735	19990	20000	20000	20000	20000	20000	20000	20000	20000
46.2	2999.5	6754.5	8383.5	9649.5	10904.5	12350.5	14109	15969	17468.5	18531.5	19229	19622	19867.5	19995	20000	20000	20000	20000	20000	20000	20000	20000
52.8	3974	8451	10473	12071	13627	15218	16635	17938	18937	19594	19941	20000	20000	20000	20000	20000	20000	20000	20000	20000	20000	20000
59.4	5032.5	10252.5	12411	14051.5	15485.5	16788.5	17893.5	18833.5	19466.5	19797	19970.5	20000	20000	20000	20000	20000	20000	20000	20000	20000	20000	20000
66	6091	12054	14349	16032	17344	18359	19152	19729	19996	20000	20000	20000	20000	20000	20000	20000	20000	20000	20000	20000	20000	20000
72.6	7121.5	13375.5	15528.5	17050.5	18177.5	18993	19552	19864.5	19998	20000	20000	20000	20000	20000	20000	20000	20000	20000	20000	20000	20000	20000
79.2	8152	14697	16708	18069	19011	19627	19952	20000	20000	20000	20000	20000	20000	20000	20000	20000	20000	20000	20000	20000	20000	20000
85.8	9169.5	15606	17404.5	18591	19369.5	19806	19976	20000	20000	20000	20000	20000	20000	20000	20000	20000	20000	20000	20000	20000	20000	20000
92.4	10187	16515	18101	19113	19728	19985	20000	20000	20000	20000	20000	20000	20000	20000	20000	20000	20000	20000	20000	20000	20000	20000
99	11236.5	17007.5	18419.5	19307.5	19821.5	19992.5	20000	20000	20000	20000	20000	20000	20000	20000	20000	20000	20000	20000	20000	20000	20000	20000
105.6	12286	17500	18738	19502	19915	20000	20000	20000	20000	20000	20000	20000	20000	20000	20000	20000	20000	20000	20000	20000	20000	20000
112.2	13093	17531	18729	19455	19865	20000	20000	20000	20000	20000	20000	20000	20000	20000	20000	20000	20000	20000	20000	20000	20000	20000
118.8	13900	17562	18720	19408	19815	20000	20000	20000	20000	20000	20000	20000	20000	20000	20000	20000	20000	20000	20000	20000	20000	20000
125.4	13708.5	17515.5	18719	19437	19870.5	20000	20000	20000	20000	20000	20000	20000	20000	20000	20000	20000	20000	20000	20000	20000	20000	20000
132	13517	17469	18718	19466	19926	20000	20000	20000	20000	20000	20000	20000	20000	20000	20000	20000	20000	20000	20000	20000	20000	20000
138.6	12961.5	17134	18512	19365.5	19899.5	20000	20000	20000	20000	20000	20000	20000	20000	20000	20000	20000	20000	20000	20000	20000	20000	20000
145.2	12406	16799	18306	19265	19873	20000	20000	20000	20000	20000	20000	20000	20000	20000	20000	20000	20000	20000	20000	20000	20000	20000
151.8	11703.5	16215.5	17822	18864.5	19594.5	19943.5	20000	20000	20000	20000	20000	20000	20000	20000	20000	20000	20000	20000	20000	20000	20000	20000
158.4	11001	15632	17338	18464	19316	19887	20000	20000	20000	20000	20000	20000	20000	20000	20000	20000	20000	20000	20000	20000	20000	20000
165	10009.5	14830.5	16606.5	17808	18727	19414	19764	19961	20000	20000	20000	20000	20000	20000	20000	20000	20000	20000	20000	20000	20000	20000
171.6	9018	14029	15875	17152	18138	18941	19528	19922	20000	20000	20000	20000	20000	20000	20000	20000	20000	20000	20000	20000	20000	20000
178.2	7607	12666.5	14639.5	16043	17142	18041	18751	19286	19599.5	19811	19943	19997	20000	20000	20000	20000	20000	20000	20000	20000	20000	20000
184.8	6196	11304	13404	14934	16146	17141	17974	18650	19199	19622	19886	19994	20000	20000	20000	20000	20000	20000	20000	20000	20000	20000
191.4	4594.5	9642	11810	13402	14681.5	15748.5	16663.5	17448	18118.5	18681	19120	19438	19656	19816.5	19964.5	20000	20000	20000	20000	20000	20000	20000
198	2993	7980	10216	11870	13217	14356	15353	16246	17038	17740	18354	18882	19312	19633	19929	20000	20000	20000	20000	20000	20000	20000
204.6	1788	6668	8659.5	10145	11407.5	12516.5	13518.5	14448.5	15309.5	16105.5	16841	17520.5	18123.5	18628.5	19250.5	19661	19938.5	20000	20000	20000	20000	20000
211.2	583	5356	7103	8420	9598	10677	11684	12651	13581	14471	15328	16159	16935	17624	18572	19322	19877	20000	20000	20000	20000	20000
217.8	353.5	4479	5954	7038	8016	8929	9801.5	10662.5	11509.5	12359.5	13190	14009	14834.5	15643.5	16802	17821.5	18857	19507	19702.75	19898.5	19949.25	20000
224.4	124	3602	4805	5656	6434	7181	7919	8674	9438	10248	11052	11859	12734	13663	15032	16321	17837	19014	19405.5	19797	19898.5	20000
231	112	3089.5	4123.5	4811.5	5387.5	5912	6425.5	6949	7496	8089.5	8699	9352	10106.5	10949	12274	13621	15435	17145.5	17884.25	18623	19124	19625
237.6	100	2577	3442	3967	4341	4643	4932	5224	5554	5931	6346	6845	7479	8235	9516	10921	13033	15277	16363	17449	18349.5	19250
240.9	105	2431.5	3210.5	3690.5	4007	4229	4412.5	4587.5	4783	5023	5333	5724	6219	6846.5	8013.5	9396.5	11541	13910	15081.5	16253	17311	18369
244.2	110	2286	2979	3414	3673	3815	3893	3951	4012	4115	4320	4603	4959	5458	6511	7872	10049	12543	13800	15057	16272.5	17488
247.5	111	2134	2787.5	3201	3434	3536.5	3554	3527.5	3483	3459.5	3521.5	3656.5	3869.5	4272.5	5172	6429.5	8542.5	10988	12225	13462	14734.75	16007.5
250.8	112	1982	2596	2988	3195	3258	3215	3104	2954	2804	2723	2710	2780	3087	3833	4987	7036	9433	10650	11867	13197	14527
254.1	56	1760	2378	2769	2986.5	3074.5	3054.5	2944	2761.5	2517.5	2241.5	2047.5	2013.5	2183	2759	3759.5	5649	7835	8991.25	10147.5	11426.5	12705.5
257.4	0	1538	2160	2550	2778	2891	2894	2784	2569	2231	1760	1385	1247	1279	1685	2532	4262	6237	7332.5	8428	9656	10884
260.725	0	769	1677.5	2187.5	2544	2771.5	2876.5	2842.5	2668.5	2364	1910	1343	623.5	654	916.5	1567.5	2906.5	4609	5586.5	6564	7706.75	8849.5
264.05	0	0	1195	1825	2310	2652	2859	2901	2768	2497	2060	1301	0	29	148	603	1551	2981	3840.5	4700	5757.5	6815
265.543	0	0	597.5	1589	2177.5	2566.5	2806	2897	2829	2591.5	2092.5	999	0	14.5	74	301.5	775.5	2285.5	3101.5	3917.5	4923	5928.5
267.036	0	0	0	1353	2045	2481	2753	2893	2890	2686	2125	697	0	0	0	0	0	1590	2362.5	3135	4088.5	5042
268.488	0	0	0	676.5	1022.5	1890.5	2331.5	2575.5	2655	2543	2117.5	1008.5	0	0	0	0	0	795	1181.25	1567.5	2630	3692.5
269.94	0	0	0	0	0	1300	1910	2258	2420	2400	2110	1320	0	0	0	0	0	0	0	0	1171.5	2343
271.458	0	0	0	0	0	650	955	1129	1210	1200	1055	660	0	0	0	0	0	0	0	0	585.75	1171.5
272.217	0	0	0	0	0	325	477.5	564.5	605	600	527.5	330	0	0	0	0	0	0	0	0	292.875	585.75
272.976	0	0	0	0	0	0	0	0	0	0	0	0	0	0	0	0	0	0	0	0	0	0
